IP Address,Login Source,Login Date & Time
95.127.172.161,Mobile,"Aug 24, 2020, 4:35:26 PM"
79.153.187.66,Web,"Aug 25, 2020, 10:12:26 PM"
79.153.187.66,Web,"Aug 26, 2020, 11:26:58 PM"
79.153.187.66,Web,"Aug 29, 2020, 1:42:42 PM"
37.223.68.95,Web,"Nov 2, 2020, 12:13:19 PM"
37.223.68.95,Web,"Nov 2, 2020, 12:16:02 PM"
37.223.68.95,Web,"Nov 2, 2020, 12:17:15 PM"
37.223.68.95,Web,"Nov 2, 2020, 12:18:26 PM"
79.153.186.0,Mobile,"Nov 2, 2020, 12:45:44 PM"
88.14.159.193,Web,"Dec 3, 2020, 12:42:34 PM"
88.20.122.182,Web,"Dec 23, 2020, 12:19:32 PM"
91.116.32.231,Web,"Aug 26, 2021, 2:17:35 PM"
84.123.139.6,Web,"Jan 26, 2022, 4:49:05 PM"
79.155.39.103,Mobile,"Jan 29, 2022, 3:57:22 PM"
91.116.1.85,Web,"Feb 12, 2022, 8:43:45 PM"
79.155.39.103,Web,"Mar 15, 2022, 1:28:00 PM"
79.155.39.103,Mobile,"Mar 15, 2022, 9:22:08 PM"
82.130.184.67,Mobile,"Mar 20, 2022, 6:00:59 PM"
91.116.3.175,Web,"Apr 17, 2022, 10:53:54 PM"
91.116.3.175,Web,"Apr 18, 2022, 8:21:47 AM"
91.116.2.142,Web,"Jun 13, 2022, 8:16:55 AM"
82.130.190.161,Mobile,"Jul 26, 2022, 6:59:32 PM"
79.154.42.149,Web,"Sep 9, 2022, 1:52:17 PM"
79.154.25.149,Web,"Nov 8, 2022, 10:34:30 PM"
91.116.3.7,Web,"Dec 7, 2022, 3:13:58 PM"
79.154.32.150,Web,"Jan 6, 2023, 8:07:49 PM"
79.154.32.150,Web,"Jan 6, 2023, 8:20:24 PM"
79.154.48.4,Web,"Sep 11, 2023, 3:25:22 PM"
91.116.2.217,Web,"Oct 4, 2023, 8:53:40 PM"
91.116.2.217,Web,"Oct 9, 2023, 3:32:31 PM"
91.116.2.217,Web,"Oct 12, 2023, 10:39:35 AM"
91.116.2.217,Web,"Oct 17, 2023, 10:46:07 AM"
91.116.2.217,Web,"Oct 23, 2023, 1:28:23 PM"
79.154.53.126,Web,"Nov 2, 2023, 3:48:39 PM"
79.154.47.227,Web,"Nov 12, 2023, 10:39:17 AM"
85.87.73.179,Web,"Dec 25, 2023, 5:37:08 PM"
85.87.73.179,Web,"Dec 26, 2023, 10:53:51 PM"
94.126.241.2,Web,"Jan 15, 2024, 8:26:23 AM"
79.154.54.15,Web,"Jan 15, 2024, 11:14:02 AM"
89.43.77.178,Web,"Jan 27, 2024, 6:42:30 PM"
85.87.73.179,Web,"Feb 3, 2024, 1:06:31 PM"
85.87.73.179,Web,"Feb 13, 2024, 12:53:30 AM"
85.87.73.179,Web,"Feb 13, 2024, 1:02:41 AM"
94.126.241.2,Web,"Feb 15, 2024, 10:54:04 AM"
94.126.241.2,Web,"Feb 16, 2024, 10:09:03 AM"
94.126.241.2,Web,"Feb 20, 2024, 11:38:53 AM"
94.126.241.2,Web,"Feb 21, 2024, 3:14:15 PM"
94.126.241.2,Web,"Feb 22, 2024, 11:41:42 AM"
94.126.241.2,Web,"Feb 27, 2024, 8:54:21 AM"
94.126.241.2,Web,"Mar 1, 2024, 9:49:22 AM"
79.154.51.55,Web,"Mar 4, 2024, 8:20:28 AM"
94.126.241.2,Web,"Mar 5, 2024, 7:50:13 AM"
94.126.241.2,Web,"Mar 5, 2024, 2:52:40 PM"
94.126.241.2,Web,"Mar 6, 2024, 7:32:51 AM"
94.126.241.2,Web,"Mar 7, 2024, 11:24:37 AM"
94.126.241.2,Web,"Mar 12, 2024, 7:21:00 AM"
79.154.57.128,Web,"Mar 16, 2024, 9:44:16 PM"
94.126.247.250,Web,"Apr 2, 2024, 7:30:49 AM"
77.227.4.18,Web,"Apr 4, 2024, 6:32:05 AM"
85.87.73.179,Web,"Apr 7, 2024, 3:08:05 PM"
85.87.73.179,Web,"Apr 22, 2024, 1:19:07 PM"
94.126.241.2,Web,"Apr 23, 2024, 2:08:33 PM"
94.126.241.2,Web,"Apr 24, 2024, 6:57:14 AM"
136.144.103.80,Web,"Apr 25, 2024, 9:49:07 AM"
85.87.73.179,Web,"Apr 26, 2024, 10:11:37 AM"
94.126.247.250,Web,"May 2, 2024, 6:57:06 AM"
94.126.241.2,Web,"May 6, 2024, 6:55:37 AM"
79.154.61.22,Web,"May 10, 2024, 2:50:41 PM"
77.227.4.18,Web,"May 15, 2024, 6:33:21 AM"
136.144.103.80,Web,"May 21, 2024, 6:42:23 AM"
136.144.103.80,Web,"Jun 5, 2024, 10:21:51 AM"
79.154.52.167,Web,"Jun 9, 2024, 7:26:46 PM"
79.154.52.167,Web,"Jun 10, 2024, 5:22:01 PM"
94.126.247.250,Web,"Jun 13, 2024, 6:20:36 AM"
94.126.247.250,Web,"Jun 27, 2024, 8:23:44 AM"
77.227.4.18,Web,"Jul 4, 2024, 7:22:02 AM"
94.126.241.2,Web,"Jul 5, 2024, 9:53:13 AM"
94.126.241.2,Web,"Jul 8, 2024, 8:33:42 AM"
79.154.36.188,Web,"Jul 12, 2024, 8:04:55 PM"
94.126.247.250,Web,"Jul 18, 2024, 7:35:17 AM"
79.154.53.158,Web,"Jul 19, 2024, 9:09:26 PM"
79.154.53.158,Web,"Jul 21, 2024, 8:52:29 PM"
94.126.241.2,Web,"Jul 23, 2024, 6:14:07 AM"
77.227.4.18,Web,"Jul 30, 2024, 6:43:19 AM"
94.126.247.250,Web,"Jul 31, 2024, 7:56:21 AM"
94.126.241.2,Web,"Aug 8, 2024, 9:37:40 AM"
79.155.42.211,Web,"Aug 9, 2024, 6:05:25 AM"
79.155.42.211,Web,"Aug 12, 2024, 7:04:13 AM"
94.126.241.2,Web,"Aug 13, 2024, 12:56:36 PM"
94.126.241.2,Web,"Aug 14, 2024, 6:56:16 AM"
79.155.40.224,Web,"Aug 15, 2024, 1:36:52 PM"
79.155.40.182,Web,"Aug 19, 2024, 8:15:10 PM"
94.126.247.250,Web,"Aug 20, 2024, 7:22:10 AM"
79.155.40.182,Web,"Aug 22, 2024, 9:08:39 PM"
79.155.40.182,Web,"Aug 23, 2024, 7:54:20 PM"
79.155.40.182,Web,"Aug 25, 2024, 7:38:17 AM"
94.126.241.2,Web,"Aug 26, 2024, 10:24:28 AM"
94.126.241.2,Web,"Aug 28, 2024, 6:23:34 AM"
77.227.4.18,Web,"Aug 28, 2024, 2:22:47 PM"
94.126.247.250,Web,"Sep 17, 2024, 7:37:03 AM"
79.154.50.213,Web,"Sep 19, 2024, 7:03:41 AM"
79.154.50.213,Web,"Sep 24, 2024, 8:37:24 PM"
79.154.50.213,Web,"Sep 27, 2024, 6:47:51 PM"
79.154.50.213,Web,"Sep 29, 2024, 9:39:58 AM"
79.154.50.213,Web,"Sep 29, 2024, 6:28:51 PM"
94.126.247.250,Web,"Oct 1, 2024, 6:50:52 AM"
94.126.241.2,Web,"Oct 2, 2024, 8:31:21 AM"
79.154.57.220,Web,"Oct 3, 2024, 6:06:13 PM"
79.154.57.220,Web,"Oct 5, 2024, 10:44:54 AM"
79.154.57.220,Web,"Oct 8, 2024, 6:26:51 AM"
79.154.57.220,Web,"Oct 8, 2024, 1:10:29 PM"
79.154.57.220,Web,"Oct 8, 2024, 7:50:03 PM"
79.154.57.220,Web,"Oct 8, 2024, 9:38:08 PM"
79.154.57.220,Web,"Oct 9, 2024, 6:31:00 AM"
79.154.57.220,Web,"Oct 9, 2024, 5:24:35 PM"
94.126.247.250,Web,"Oct 10, 2024, 7:40:56 AM"
79.154.57.220,Web,"Oct 11, 2024, 8:45:54 AM"
79.154.57.220,Web,"Oct 11, 2024, 5:53:51 PM"
79.154.57.220,Web,"Oct 12, 2024, 8:14:17 AM"
79.154.57.220,Web,"Oct 12, 2024, 4:37:40 PM"
79.154.57.220,Web,"Oct 13, 2024, 12:18:05 PM"
94.126.241.2,Web,"Oct 14, 2024, 9:06:17 AM"
79.154.61.88,Web,"Oct 14, 2024, 12:50:51 PM"
136.144.103.80,Web,"Oct 15, 2024, 6:19:58 AM"
94.126.241.2,Web,"Oct 15, 2024, 1:40:06 PM"
79.154.61.88,Mobile,"Oct 15, 2024, 4:04:41 PM"
94.126.247.250,Web,"Oct 16, 2024, 10:50:56 AM"
79.154.61.88,Web,"Oct 16, 2024, 7:43:17 PM"
94.126.241.2,Web,"Oct 17, 2024, 6:22:40 AM"
79.154.61.88,Web,"Oct 18, 2024, 6:18:41 AM"
79.154.61.88,Web,"Oct 18, 2024, 5:24:14 PM"
79.154.61.88,Web,"Oct 19, 2024, 9:40:00 AM"
79.154.61.88,Web,"Oct 19, 2024, 5:02:26 PM"
79.154.61.88,Web,"Oct 20, 2024, 12:18:26 PM"
94.126.241.2,Web,"Oct 22, 2024, 9:10:59 AM"
79.154.61.88,Web,"Oct 27, 2024, 11:00:51 AM"
79.154.61.88,Web,"Oct 27, 2024, 3:09:10 PM"
94.126.241.2,Web,"Oct 28, 2024, 8:51:47 AM"
94.126.247.250,Web,"Oct 29, 2024, 7:46:20 AM"
147.83.201.110,Web,"Oct 29, 2024, 7:39:09 PM"
94.126.241.2,Web,"Oct 30, 2024, 8:41:45 AM"
77.227.4.18,Web,"Oct 31, 2024, 7:03:14 AM"
94.126.247.250,Web,"Oct 31, 2024, 7:50:12 AM"
79.154.46.133,Web,"Nov 2, 2024, 12:45:27 AM"
77.227.4.18,Web,"Nov 5, 2024, 7:11:04 AM"
136.144.103.80,Web,"Nov 6, 2024, 7:47:31 AM"
77.227.4.18,Web,"Nov 7, 2024, 7:13:41 AM"
94.126.241.2,Web,"Nov 12, 2024, 7:23:43 AM"
94.126.247.250,Web,"Nov 14, 2024, 2:57:21 PM"
94.126.247.250,Web,"Nov 19, 2024, 7:41:27 AM"
77.227.4.18,Web,"Nov 20, 2024, 7:53:36 AM"
79.154.46.133,Web,"Nov 29, 2024, 9:50:08 AM"
94.126.241.2,Web,"Dec 2, 2024, 2:02:18 PM"
94.126.241.2,Web,"Dec 2, 2024, 5:10:50 PM"
79.154.61.88,Web,"Dec 3, 2024, 3:14:38 PM"
79.154.61.88,Web,"Dec 5, 2024, 10:30:31 PM"
79.154.61.88,Web,"Dec 5, 2024, 10:30:56 PM"
79.154.61.88,Web,"Dec 6, 2024, 11:13:55 AM"
79.154.61.88,Web,"Dec 6, 2024, 10:35:15 PM"
79.154.61.88,Web,"Dec 8, 2024, 4:37:08 PM"
94.126.241.2,Web,"Dec 10, 2024, 9:48:48 AM"
94.126.241.2,Web,"Dec 12, 2024, 11:41:13 AM"
79.154.61.88,Web,"Dec 12, 2024, 8:48:35 PM"
94.126.241.2,Web,"Dec 13, 2024, 12:48:24 PM"
79.154.61.88,Web,"Dec 14, 2024, 8:34:14 AM"
79.154.61.88,Web,"Dec 14, 2024, 8:04:52 PM"
94.126.241.2,Web,"Dec 16, 2024, 11:57:06 AM"
94.126.241.2,Web,"Dec 16, 2024, 7:58:12 PM"
2a02:9130:fd00:5d93:1811:f2bb:2781:2a83,Web,"Dec 17, 2024, 3:16:02 PM"
94.126.247.250,Web,"Dec 18, 2024, 11:53:12 AM"
2a02:9130:fd1c:a33f:1812:2bb9:4029:4f2,Mobile,"Dec 18, 2024, 9:06:42 PM"
79.154.61.88,Web,"Dec 18, 2024, 10:35:33 PM"
79.154.61.88,Web,"Dec 18, 2024, 11:29:27 PM"
77.227.4.18,Web,"Dec 19, 2024, 7:13:04 AM"
79.154.61.88,Web,"Dec 21, 2024, 9:49:41 PM"
79.154.61.88,Web,"Dec 21, 2024, 10:31:05 PM"
79.154.46.133,Web,"Dec 22, 2024, 8:32:58 PM"
79.154.46.133,Web,"Dec 23, 2024, 11:18:26 AM"
79.154.46.133,Web,"Dec 24, 2024, 11:12:13 PM"
79.154.46.133,Web,"Dec 25, 2024, 10:34:48 PM"
79.154.46.133,Web,"Dec 25, 2024, 10:43:16 PM"
79.154.46.133,Web,"Dec 26, 2024, 4:36:51 PM"
79.154.46.133,Web,"Dec 27, 2024, 3:40:32 PM"
79.154.46.133,Web,"Jan 2, 2025, 9:08:25 PM"
79.154.46.133,Web,"Jan 5, 2025, 12:02:48 PM"
79.154.46.133,Web,"Jan 7, 2025, 7:18:24 AM"
94.126.241.2,Web,"Jan 7, 2025, 10:11:40 AM"
94.126.241.2,Web,"Jan 7, 2025, 2:57:05 PM"
94.126.247.250,Web,"Jan 8, 2025, 11:14:46 AM"
79.154.46.133,Web,"Jan 8, 2025, 7:19:44 PM"
136.144.103.80,Web,"Jan 9, 2025, 7:48:36 AM"
79.154.46.133,Web,"Jan 10, 2025, 8:36:24 AM"
79.154.46.133,Web,"Jan 12, 2025, 2:29:35 PM"
79.154.46.133,Web,"Jan 13, 2025, 8:04:31 AM"
80.156.43.31,Web,"Jan 15, 2025, 8:36:58 AM"
94.126.241.2,Web,"Jan 16, 2025, 10:13:14 AM"
79.154.46.133,Web,"Jan 20, 2025, 7:59:49 AM"
94.126.247.250,Web,"Jan 21, 2025, 10:34:56 AM"
147.83.201.99,Web,"Jan 21, 2025, 7:50:39 PM"
94.126.241.2,Web,"Jan 24, 2025, 11:50:07 AM"
79.154.60.240,Web,"Jan 27, 2025, 8:00:05 AM"
94.126.247.250,Web,"Jan 29, 2025, 11:00:22 AM"
147.83.201.104,Web,"Jan 30, 2025, 7:29:10 PM"
94.126.241.2,Web,"Feb 3, 2025, 7:57:52 AM"
79.154.60.240,Web,"Feb 5, 2025, 10:58:31 PM"
79.154.33.136,Web,"Feb 10, 2025, 7:53:44 AM"
94.126.247.250,Web,"Feb 11, 2025, 8:11:56 AM"
94.126.247.250,Web,"Feb 11, 2025, 8:12:16 AM"
147.83.201.104,Web,"Feb 11, 2025, 6:16:58 PM"
94.126.241.2,Web,"Feb 14, 2025, 9:35:59 AM"
79.154.33.136,Web,"Feb 14, 2025, 6:31:50 PM"
79.154.33.136,Web,"Feb 16, 2025, 1:49:20 PM"
79.154.33.136,Web,"Feb 18, 2025, 7:19:45 PM"
77.227.4.18,Web,"Feb 19, 2025, 1:46:58 PM"
136.144.103.80,Web,"Feb 20, 2025, 7:15:21 AM"
94.126.241.2,Web,"Feb 21, 2025, 8:16:02 AM"
94.126.241.2,Web,"Feb 24, 2025, 7:51:19 AM"
94.126.241.2,Web,"Feb 25, 2025, 7:34:49 AM"
79.154.33.136,Web,"Feb 25, 2025, 5:35:56 PM"
94.126.241.2,Web,"Feb 27, 2025, 9:55:35 AM"
94.126.241.2,Web,"Feb 27, 2025, 3:31:18 PM"
79.154.27.177,Web,"Mar 2, 2025, 2:33:07 PM"
79.154.60.240,Web,"Mar 3, 2025, 8:44:19 PM"
94.126.241.2,Web,"Mar 4, 2025, 9:18:06 AM"
2a02:9130:fc0b:30ef:1829:84ff:af91:2897,Web,"Mar 4, 2025, 1:18:40 PM"
2a02:9130:fc0b:30ef:1829:84ff:af91:2897,Web,"Mar 4, 2025, 1:27:04 PM"
79.154.60.240,Web,"Mar 4, 2025, 6:57:05 PM"
79.154.60.240,Web,"Mar 4, 2025, 9:09:03 PM"
163.116.184.140,Web,"Mar 5, 2025, 7:12:53 AM"
163.116.184.133,Web,"Mar 6, 2025, 7:14:40 AM"
163.116.243.106,Web,"Mar 8, 2025, 7:13:57 PM"
163.116.169.118,Web,"Mar 9, 2025, 7:09:53 AM"
163.116.184.50,Web,"Mar 10, 2025, 3:53:35 PM"
163.116.184.50,Web,"Mar 11, 2025, 7:35:47 AM"
94.126.247.250,Web,"Mar 12, 2025, 12:17:54 PM"
136.144.103.80,Web,"Mar 13, 2025, 7:27:05 AM"
94.126.241.2,Web,"Mar 14, 2025, 1:26:41 PM"
79.154.60.240,Web,"Mar 15, 2025, 11:14:55 AM"
79.154.60.240,Web,"Mar 15, 2025, 5:47:00 PM"
163.116.184.161,Web,"Mar 17, 2025, 7:44:56 AM"
79.154.60.240,Web,"Mar 22, 2025, 8:16:46 PM"
2a02:9130:fd02:acda:182f:536c:84c4:ffcd,Web,"Mar 23, 2025, 2:09:43 PM"
94.126.247.250,Web,"Mar 25, 2025, 7:28:40 AM"
79.154.60.240,Web,"Mar 25, 2025, 5:27:03 PM"
94.126.247.250,Web,"Mar 26, 2025, 7:40:36 AM"
77.227.4.18,Web,"Mar 27, 2025, 7:24:41 AM"
79.154.60.240,Web,"Mar 28, 2025, 3:30:59 PM"
79.154.60.240,Web,"Mar 30, 2025, 1:38:18 PM"
94.126.241.2,Web,"Mar 31, 2025, 1:20:39 PM"
163.116.243.105,Web,"Mar 31, 2025, 5:24:33 PM"
77.227.4.18,Web,"Apr 1, 2025, 6:15:18 AM"
94.126.247.250,Web,"Apr 2, 2025, 8:41:49 AM"
94.126.247.250,Web,"Apr 2, 2025, 11:04:15 AM"
94.126.241.2,Web,"Apr 3, 2025, 6:23:05 AM"
94.126.241.2,Web,"Apr 4, 2025, 7:51:46 AM"
94.126.241.2,Web,"Apr 4, 2025, 11:13:48 AM"
79.154.27.177,Web,"Apr 5, 2025, 11:03:51 PM"
79.154.27.177,Web,"Apr 6, 2025, 3:27:47 PM"
79.154.27.177,Web,"Apr 6, 2025, 7:41:58 PM"
79.154.27.177,Web,"Apr 7, 2025, 11:22:44 AM"
94.126.241.2,Web,"Apr 7, 2025, 12:47:02 PM"
94.126.241.2,Web,"Apr 9, 2025, 8:21:48 AM"
94.126.241.2,Web,"Apr 10, 2025, 7:33:55 AM"
79.154.27.177,Web,"Apr 11, 2025, 6:23:59 PM"
79.154.27.177,Web,"Apr 11, 2025, 9:50:14 PM"
79.154.27.177,Web,"Apr 12, 2025, 3:02:41 PM"
79.154.27.177,Web,"Apr 13, 2025, 7:20:11 PM"
163.116.169.113,Web,"Apr 15, 2025, 7:08:26 AM"
79.154.27.177,Web,"Apr 17, 2025, 9:10:00 PM"
79.154.27.177,Web,"Apr 21, 2025, 6:49:39 PM"
77.227.4.18,Web,"Apr 22, 2025, 6:35:46 AM"
94.126.241.2,Web,"Apr 23, 2025, 12:43:37 PM"
94.126.247.250,Web,"Apr 24, 2025, 7:42:56 AM"
79.154.27.177,Web,"Apr 25, 2025, 1:47:45 PM"
94.126.241.2,Web,"Apr 28, 2025, 7:01:19 AM"
94.126.241.2,Web,"Apr 29, 2025, 10:43:15 AM"
77.227.4.18,Web,"Apr 30, 2025, 6:48:06 AM"
77.227.4.18,Web,"Apr 30, 2025, 9:53:42 AM"
79.154.30.67,Web,"Apr 30, 2025, 3:40:42 PM"
79.154.30.67,Web,"Apr 30, 2025, 9:17:15 PM"
79.154.30.67,Web,"May 1, 2025, 7:50:55 PM"
79.154.30.67,Web,"May 2, 2025, 10:43:59 PM"
79.154.30.67,Web,"May 3, 2025, 9:45:29 AM"
79.154.30.67,Web,"May 4, 2025, 4:08:26 PM"
94.126.241.2,Web,"May 5, 2025, 6:52:19 AM"
79.154.30.67,Web,"May 5, 2025, 2:12:14 PM"
77.227.4.18,Web,"May 6, 2025, 7:26:29 AM"
94.126.241.2,Web,"May 7, 2025, 9:46:16 AM"
94.126.241.2,Web,"May 8, 2025, 6:41:54 AM"
77.227.4.18,Web,"May 8, 2025, 1:04:49 PM"
79.154.47.89,Web,"May 9, 2025, 1:06:32 PM"
